
412985763
753416892
986327145
271568934
549173628
368249517
634751289
195832476
827694351

346289517
915374286
287165439
873412965
451936872
692857143
168593724
534721698
729648351

963174258
178325649
254689731
821437596
496852317
735961824
589713462
317246985
642598173

638742591
124589376
579631842
287196453
951374268
346825719
865217934
792463185
413958627

638742591
124589376
579631842
287196453
951374268
346825719
865217934
792463185
413958627

921583674
437629158
568174392
283765419
746912835
195438267
674251983
319847526
852396741

287943156
596817234
413625789
834792561
675431928
921586347
362174895
149358672
758269413

638742591
124589376
579631842
287196453
951374268
346825719
865217934
792463185
413958627

923648517
658217394
174395682
732561849
815429763
496783125
549136278
267854931
381972456

134956872
795218643
628437951
513782496
489163527
276549318
352891764
847625139
961374285

